86
2 27
4 130
2 119
1 129
8 618
8 148
3 136
10 211
7 307
3 34
1 75
4 336
1 109
8 79
2 101
4 383
9 190
6 143
5 252
1 119
6 242
4 195
2 176
1 138
1 38
3 95
3 302
1 138
9 722
7 367
3 294
9 101
4 299
7 162
8 450
8 256
1 113
2 121
2 136
7 277
4 56
1 110
8 541
2 158
1 92
6 72
4 208
7 547
2 82
1 130
9 557
10 426
10 444
3 63
5 322
6 262
4 143
7 154
8 405
4 111
6 174
1 79
9 776
7 224
10 167
8 644
3 165
2 239
1 72
9 570
9 430
2 94
1 57
8 333
2 92
9 562
7 379
5 374
2 152
8 529
1 140
7 588
7 151
1 113
8 628
6 429
