52 36
190284 65440 1457
166055 803355 44327
272421 204150 318834
945596 551555 384732
350363 343984 188490
154129 384217 985344
662776 323667 403259
401670 143301 801785
220052 909758 725161
785258 60100 475054
241236 624962 659768
97769 654284 415918
793963 345703 822710
125412 529010 443682
657299 338555 131689
427600 525100 664114
712716 247860 89222
783588 880294 461875
471855 29670 344942
911233 723967 290519
350532 369910 391436
35663 591279 154203
237596 632224 7836
591969 187670 854610
10524 393542 661615
161601 708668 503025
278066 726748 512085
872671 130786 398511
649264 397052 583501
730883 249304 270090
266137 612038 70684
756924 403209 522459
168418 955333 338520
569358 453038 704880
472277 358747 929204
545748 900719 605796
580058 999655 242229
998835 159204 602647
760666 789856 740535
739803 744838 486141
428315 27062 243016
131079 564982 757339
404900 356739 297353
995780 504782 880250
659833 223201 287470
687928 748995 969920
828487 818823 880309
74620 25771 432199
59820 907591 713013
292261 435843 828902
855459 517841 951517
850157 694215 105686
