85
9 313
8 283
4 398
2 178
10 339
2 134
1 71
7 419
3 258
6 137
8 458
3 141
5 161
5 418
6 6
4 329
4 167
2 162
2 101
6 509
3 54
3 269
6 327
9 255
7 504
10 782
2 217
6 346
5 377
9 637
6 304
2 113
2 159
1 54
3 110
6 231
7 146
8 244
3 113
9 371
10 780
4 390
3 137
1 97
8 498
1 77
5 386
9 676
7 187
3 185
3 203
6 198
4 176
3 205
1 76
7 219
1 85
3 201
4 120
3 199
7 429
1 158
4 106
7 298
1 75
2 169
9 623
1 91
7 457
3 36
1 56
4 126
2 184
5 38
7 145
6 525
2 63
9 700
1 98
4 214
4 246
5 470
9 597
7 428
8 330
