49 9
674323 300714 747727
578921 742035 20745
16475 286494 5468
381282 448992 729122
724515 520321 449642
757370 348951 136946
749529 142195 914269
324142 609962 790761
970004 334737 381578
966294 134008 494948
273070 490160 3354
490266 926663 453111
372506 389757 214726
527678 764516 504924
583542 309824 52250
847746 830617 682971
70556 233073 496527
345425 16788 993233
519601 843657 773595
991339 325113 911052
258542 43 170654
106431 199557 179473
696310 84718 106785
293954 765075 409350
796673 857554 689207
476385 289366 872026
637093 505020 119010
126893 476420 719110
655888 714487 938683
126351 324627 10486
657002 872734 622302
107512 172019 483414
498145 111472 347047
107370 23681 578428
492769 895511 223066
78727 831149 916671
966675 594750 114118
831025 536778 60869
738294 959361 333907
828287 548850 595895
262368 744050 537901
352381 848877 30166
633950 340061 512779
654958 449359 676566
755808 117916 88713
920870 43991 290263
16249 279888 627441
695074 15085 412708
303954 487156 419176
