60 58
370759 948485 700975
366526 767671 506613
81372 651936 106293
600041 203986 603149
349527 685514 39320
576749 189638 874427
166230 380548 951625
233858 634964 97948
457163 295459 11389
844338 357430 145047
628613 343947 432410
898436 910699 342188
500505 441401 321252
196037 568401 955737
709718 232342 919492
437450 571805 147570
599758 704325 72606
873722 406992 959954
341287 26776 186609
744415 809795 696698
604686 356909 501226
42735 462784 846269
727189 443985 910715
976844 4454 990858
932692 878109 595592
151867 717485 390402
652154 291906 39201
587377 779629 880830
305472 564094 990892
616349 860081 269364
541173 773127 879292
752376 734015 335198
419365 774238 512416
467388 825364 183431
410435 244431 157249
379904 624761 121195
609852 441843 159557
783011 500669 99198
678514 59239 727478
363275 461734 453589
63221 403514 306378
142246 602004 829358
836076 525388 41661
864650 401208 599758
440885 468710 374
635273 777307 93702
222724 533429 672205
326945 366443 225623
998775 387995 277574
292223 293419 921775
109567 66591 340865
355712 150067 404291
922099 93567 889287
565856 185300 780200
492673 352531 371668
8060 714609 233087
337194 329852 401085
900561 707051 392407
779921 609526 97876
762046 593073 522367
