40 27
253116 149149 86293
657995 997813 594001
715763 428069 850093
413975 975009 96947
154719 895074 105038
203896 914577 564087
823422 727070 581398
981351 727674 449293
522356 313368 583583
217444 479649 5930
904358 790413 130037
54912 500017 309992
810684 61697 953495
576915 39356 599760
176069 688998 897823
873587 247723 350016
652598 286509 616040
862863 971627 901401
917129 544886 210900
574346 444651 207259
943916 743562 744836
475799 567657 108014
32331 677024 516101
543841 652526 596789
773660 659887 404855
686258 270991 252538
171978 6800 284128
61235 354400 614837
572823 534894 250925
124892 76155 617422
640139 65801 987355
135973 613337 453761
121802 936892 602914
457095 24213 529794
889891 498993 601992
189494 631132 780384
453135 872326 235909
50986 140161 269481
624379 750098 522330
904443 251047 894948
