60 37
257178 8258 706913
766871 180193 634019
291055 22732 18679
787903 242113 84724
913036 627423 479748
744373 264078 270379
774594 702339 368838
737328 787198 104483
837822 521664 341715
798667 133944 287735
994765 509150 872332
414324 941167 23091
341647 676201 901913
194558 781867 846324
25994 770021 716396
667740 285535 130591
360264 200220 363407
327938 606033 56193
886151 787855 290416
784783 999943 484437
31688 794319 978402
403776 945754 427687
98027 620639 277665
849226 942055 364266
705325 559884 845120
903507 822586 831074
254209 942613 363498
481763 562330 363608
469066 131825 656323
998977 795406 167187
885926 556684 270450
377403 745047 207187
747911 197968 80536
324559 366192 728697
143530 151368 573775
37033 895264 257059
348202 947737 898776
719147 876657 936497
344475 654588 212075
919704 17228 584205
676146 850814 970554
546834 869998 3590
206 980905 97021
396933 521320 171555
618173 626728 407248
140926 96579 926072
225717 614465 404460
23192 346900 930574
511592 848144 199961
325765 866052 216856
791415 805063 364637
39841 711004 890178
240903 836360 956856
235046 49190 302416
204729 778797 450220
852842 764242 464240
501197 608388 351789
375006 927820 570701
332486 258181 711153
396001 705769 259208
