78 66
891209 288424 853222
33811 78750 211858
982875 704004 772089
652309 631812 651419
255300 355260 178390
858671 582742 477683
186658 372649 707640
598268 61020 872411
455898 993454 189795
633156 551594 205936
503543 594365 680963
60505 471142 212112
386127 698774 184052
937923 852696 172855
150401 106583 195435
811098 890424 185516
424498 624967 840496
958988 874482 186850
625174 389684 437163
502391 692271 96006
614247 545979 482931
566113 169473 879918
577615 693190 351310
696385 647516 435288
898984 563602 482306
264373 994924 848583
822372 435665 408720
207600 427105 762234
587673 221104 101323
718450 456042 810121
857971 592123 353151
881518 980477 242221
176662 353085 483882
770258 247293 314932
607769 387251 638918
155004 259897 729311
882862 131115 928991
96516 895891 111794
149587 584833 522582
751999 926796 198865
989684 317646 714912
7582 103551 812588
324248 257285 656239
478428 935725 385177
558302 484646 561962
788863 955074 635686
545398 310539 742310
533619 30266 160682
377788 619616 210534
983938 802767 57781
225158 979563 28236
605265 458488 753028
393593 505801 585965
93804 179907 500523
478164 271430 570413
608112 13285 251004
271325 441651 639146
367677 244801 191704
649871 834933 347781
846628 874773 67476
644944 651005 127558
376688 213917 750099
355679 8639 411454
994410 332878 289675
372745 293538 291308
854983 826890 404698
831200 861931 90295
34803 186939 901418
727190 746629 17918
697365 595439 549855
517196 823038 227068
206923 825008 503381
371607 247859 756405
346070 115747 289237
447147 789880 84336
91252 437717 282998
95753 224573 328198
373843 494834 34634
