86 54
288233 595311 294165
379275 203057 508522
994719 703873 660049
499243 942478 737692
670405 882956 637541
408801 138388 921333
80691 46370 68916
28842 226920 681529
823931 569017 892507
537961 203780 444518
718244 999175 104443
156484 221085 599141
109486 37685 805862
751164 892875 75455
348221 450815 621247
750042 567023 81200
916125 414594 584183
640457 314426 698732
235131 893497 492427
482086 623797 887713
159161 434534 697018
611697 81609 485015
824132 114289 734779
72004 443343 210692
811114 964051 477573
902842 454329 366550
709141 991304 247650
351074 154188 854288
218177 950482 333697
542857 778182 980170
586612 113490 724538
516699 651887 531870
586238 989533 826845
641047 344855 288225
890674 947024 776553
409683 76809 825705
53056 735886 670443
835806 215160 593166
459055 176843 815306
656326 687960 557241
393210 581596 675406
233698 774524 860118
641031 814489 894295
678766 941243 40573
296290 848042 142849
790707 301776 455036
510414 869748 548304
342854 805307 857093
554106 394221 146634
854482 49024 602661
875252 461332 941686
747786 649916 808655
435469 187743 380277
298885 635702 930366
773108 934535 504372
434386 943230 540761
171958 995455 644325
162726 832621 472782
145608 642158 935006
288984 109515 650200
181940 785475 730503
24794 645511 677621
817989 288780 191844
94206 130438 579767
271993 128198 278203
334026 109148 695712
854702 701726 242872
391022 760804 187718
933497 83312 740390
734359 531061 511964
401315 645452 635017
242713 226908 283760
352632 579173 446210
391416 794324 139150
715229 999240 939928
258573 512054 963426
374370 996054 591441
791283 153918 837940
391234 345653 683025
199969 559157 742255
194569 69736 50431
885313 322519 178895
607853 405874 462083
211137 11156 78672
725853 710739 959650
969523 395875 911722
