38 2
729298 924587 73399
588785 917735 449245
598715 488663 325085
463361 701816 773657
421883 25664 342923
66926 6628 948841
497437 794845 837723
848618 80780 586247
93916 192914 776968
6627 856689 793950
233981 661939 907581
658030 697620 821666
56261 749962 917302
228840 530714 660558
836969 944595 632082
785677 221296 457852
656370 23012 71395
709102 257062 631917
729075 875298 639590
798478 970398 811001
989923 20655 753518
461077 328491 390256
945084 580575 957137
241224 969211 303686
513679 31522 623246
959465 185718 626899
60224 84135 881932
421007 861606 598462
844231 57490 379833
71444 485799 813263
734076 9965 159040
967891 251525 89005
799137 62108 525390
18386 423754 98868
788634 835998 789624
319582 777299 539557
917590 969939 411081
418796 56592 936805
