27 18
48446 91299 547178
926372 340654 579365
9232 7384 954522
274175 249139 280858
24783 291005 560356
902452 580470 704444
833906 422340 337016
738600 968728 708243
326580 681108 416730
362065 572926 476993
506638 459433 220298
726559 838603 242677
607640 484917 294280
208296 862165 757008
212507 907081 352579
352165 365378 559288
128636 472127 77778
802229 437430 589992
799109 798046 948891
979022 889897 173698
516925 527542 322913
531387 361084 118730
657552 946051 678946
541661 356099 898656
909157 845223 8006
131531 823600 74273
653246 827503 572945
