43 10
86483 689945 23326
930022 703567 772234
617483 958986 835022
473235 949742 629124
504906 222050 213920
968300 198911 730080
326277 871386 173671
350574 898715 954346
698661 360795 613557
775796 928951 844242
197401 343893 432154
729047 534608 3432
507020 732983 530842
766996 406811 128350
427330 138774 598531
973804 849199 376153
842632 708600 737381
537387 145725 569710
58074 888724 819391
399568 800370 744410
476404 3778 524454
77214 389759 624007
294017 991763 991417
696696 457717 95027
298059 190987 907666
911048 893124 90093
589178 907433 128349
255106 350757 13425
729149 835936 814958
444319 101761 755213
32313 683410 19360
981218 442277 549670
453896 770136 995271
498873 676651 295883
246436 116687 762611
655841 268673 603192
529485 219670 434627
981686 517120 635323
406190 293697 235362
549571 485842 689445
69859 435024 40726
407600 797758 5373
187309 493906 237772
