78 43
264580 125106 944722
766926 521976 361050
273765 339274 917804
972524 524324 364987
268380 451111 204106
448887 215504 152118
769658 104216 454262
758026 40198 682803
118307 289590 607864
450383 436907 681728
322983 909053 639745
216103 160774 47799
715901 553787 10686
131062 393149 570303
730272 899830 916598
633254 3616 275563
35040 394939 353921
65289 754617 603259
467107 227408 86044
339825 82885 519511
218602 657107 618100
633105 117327 541505
76773 447049 43658
270763 806014 848942
510248 899370 574872
583564 453976 302876
632927 657519 219878
145753 158092 105154
750203 220079 877100
309738 477160 287857
264491 479349 106139
287360 817650 900761
683978 707707 590668
842016 253370 729391
859476 893074 307613
175797 357427 559256
357307 573908 600387
716420 845362 494162
485520 850869 560129
792721 295499 805529
95101 205514 133390
946937 945448 194550
319232 216554 671981
616244 682987 53386
708382 332533 779724
40391 438621 816545
602565 143328 529133
914395 566131 953733
800999 634905 790764
97700 963131 983411
582819 268963 896912
334724 14456 901278
216955 838977 459056
855805 603176 632488
778532 4798 788217
640408 43626 646760
31327 389290 156660
940436 470129 717522
638355 452627 880699
243909 815128 825389
875811 421849 239644
996283 666979 379242
662213 470182 754216
761789 30089 46569
163558 212674 81570
623944 794893 255039
686639 46809 229978
305715 484802 198432
372904 855432 13559
953909 487001 619360
674919 579596 916700
248750 847473 745389
800265 77477 61479
60343 248145 464217
948311 368390 969900
735585 823843 187024
855386 675356 487439
213697 215624 885930
