100 91
336762 101324 587238
964715 380871 495174
538310 586547 847918
499980 495209 74360
705516 960623 473294
32444 779391 920953
403464 903992 828840
148042 116367 850677
557167 790246 180484
716462 319014 2966
878410 843424 863428
508205 852424 770278
455030 855096 6554
90175 261454 192637
756007 92899 667159
557902 638685 845709
16282 287897 859354
395787 445490 212075
920997 56738 522828
269991 227120 308601
4864 795116 345260
761686 597052 699335
818257 173862 497565
966517 800160 860536
292194 248417 284481
369448 249215 932890
838706 83096 459816
76230 643365 418672
143472 961030 121099
312186 299545 679151
191135 26109 931519
754474 379630 284329
845102 426965 473790
409523 70844 471729
639531 636099 256644
251379 499487 713029
802979 91160 398481
96256 408168 649902
59684 536424 686032
310294 462659 497364
514033 75028 308133
449104 456534 745721
133460 109847 494308
825043 314914 108233
289510 547101 961639
401153 344241 341039
73958 588490 743033
295487 117495 425571
411510 235691 87662
312441 708648 287099
166738 374557 81103
123115 262495 603396
705560 31227 320936
505062 884646 717071
307946 145556 310280
828952 823734 331949
250666 583607 713793
175865 231991 165130
657042 35176 164815
150479 677893 384113
900952 285622 902882
916414 582071 693089
42045 474191 292216
480182 513079 229818
424619 266938 713618
869978 780480 654472
84711 655524 207024
660977 587811 762843
868596 846747 806399
661561 16677 911405
353579 428829 333490
724092 699667 616954
584814 329078 20564
310307 873446 249059
618005 654637 843089
237602 960390 86919
911516 396542 232026
959591 59650 890702
450513 851882 945676
165590 380275 202117
985519 707619 283772
510341 748779 412184
37814 878387 649078
865572 661121 737378
611394 854501 171340
437255 440181 301294
798483 422141 592149
371979 766028 618820
758355 979093 815583
336088 572191 818274
52697 585930 521471
855940 157725 766689
940557 963774 412743
816351 210864 555578
179766 366925 749494
649322 837765 245069
13499 859576 220618
696414 369559 340779
90504 108058 709406
407311 824497 708992
