99 67
320082 610647 175483
247816 182706 730586
614736 202152 48653
775997 695047 434558
103215 144209 104951
970276 290577 936333
409901 23495 805929
938340 970492 455634
971085 951223 726806
372142 801517 860645
503521 6653 112369
160454 287918 322215
693351 920004 351269
970962 287296 178587
141663 610475 923467
562358 586133 747200
736601 880994 726941
582471 713632 956098
431358 56775 309027
632175 842307 156664
732372 625886 558444
773985 457906 631876
397745 833804 91160
717248 401475 993263
322633 681144 589384
324112 467568 671371
480141 527836 390373
633647 820433 357583
533482 107578 467135
548725 142295 876818
205562 914455 470685
667993 288572 675116
740029 894608 537666
692727 792115 160510
317891 831340 282754
141101 544132 325273
625130 311851 959403
866031 259500 571191
479282 462148 11917
895467 615578 786858
679736 111824 903319
946299 338443 57725
348185 965758 48008
399657 932848 266505
69003 865844 364582
334368 508560 557930
462343 120857 392259
873930 668398 966705
500691 503043 93007
331380 416661 146546
364529 729054 710743
40498 230302 796013
40419 120646 528742
389073 45852 474206
839043 409855 98845
546223 543693 820196
420996 240055 421052
321868 835061 800700
990174 754103 816360
641956 520473 159029
428021 790349 610831
124224 261562 266427
916723 644577 883788
364394 773217 152318
648392 390653 84172
365528 700918 629900
600080 697493 987196
857550 369158 841267
264965 123084 350571
200507 352622 747580
650900 83532 179547
320947 315580 993695
406060 727137 903615
62575 955942 336620
998864 167798 947765
424426 222544 414767
161797 912776 465812
594933 340049 717619
707325 876282 62358
744882 914655 874660
976739 308751 767309
398404 679794 452231
144240 323424 86543
228497 22102 277828
937538 425080 942936
895377 612752 818398
986408 109925 36961
306802 679955 600695
735748 453087 957186
317701 483384 328636
635917 403798 560843
699736 721742 703120
799160 489575 307651
494543 541494 876129
814953 294366 503794
452847 629593 728087
607392 526074 85274
374310 24934 63412
854321 239592 344622
