89 76
777901 748377 895606
125390 825952 165389
608196 755657 248890
757366 429907 224711
244813 792623 895718
70293 863620 122072
842102 693713 528757
39077 192946 421726
316837 277003 876714
306108 874306 678518
359715 545068 420469
43655 693507 215486
698032 359879 296019
147617 385867 32537
762079 25468 848976
379914 405520 56752
105334 185484 968567
228859 704417 811561
36844 878769 354313
174225 954310 754652
484069 959944 486874
650076 109844 999241
964242 636941 499605
631251 600355 715591
3434 233231 620439
104679 830374 766447
891711 233196 910331
544347 161787 518116
991544 141608 574360
703711 94779 934260
491448 822286 873556
202826 227223 133820
365607 746782 527936
337112 622310 381799
360476 828230 531127
782750 920952 634088
569519 580527 664577
966649 817858 847228
382933 254994 193656
359461 790275 618706
951968 963723 134376
600312 311444 918384
688202 18747 352378
859902 759819 621001
318635 82187 876737
375128 27988 914928
526945 588245 958136
169840 203836 473273
782312 313737 652916
113038 718552 428614
817528 307031 411342
666208 230850 411108
894347 696713 275469
248502 421829 872553
445903 278017 20289
754983 393292 869822
588250 253759 184839
695596 591327 921800
720159 610101 776746
554553 602934 162705
492685 680784 978073
995567 744648 589462
222788 222936 96907
217022 106729 277608
963448 279979 23200
871628 839412 274848
791057 347637 682633
679129 781508 347686
44010 120196 672183
174935 384225 772860
363545 692641 715037
176832 410519 851970
605805 224217 269188
92675 615976 566774
791976 390985 846372
312821 589567 466690
215849 831203 970705
876987 841746 5724
598969 809269 641604
54438 26573 687555
771640 208822 187003
505669 414151 399514
372301 702427 572904
918819 440192 999006
414552 202792 261798
886535 941646 438987
694829 379521 283026
644318 63551 305873
938429 440130 253565
