95 70
961564 669330 948333
240377 106062 26441
130706 423602 587819
336536 616287 315842
763231 649515 61813
976391 939942 258302
387125 469006 380234
463148 812785 314975
529655 217080 441088
719972 133279 763652
136508 921633 464558
113614 464511 175121
546006 221089 749643
179279 5461 667493
694496 548004 497305
643037 57128 933975
520840 801541 949908
428665 817531 785307
433744 811923 743131
333510 268392 332196
988079 240326 865800
299773 359754 922421
573381 961564 584550
189346 495767 46289
9940 191659 630976
445640 179388 633055
178635 480136 734619
190327 922498 658640
229156 57900 666322
56319 517483 760347
943184 874482 121516
63346 504104 869611
519459 646946 918864
209603 994659 73427
982375 32984 864416
394 208553 726038
343954 845970 382539
490755 198156 73898
374646 544130 214393
983964 234325 43338
394906 845527 748761
713913 23390 117345
628766 542512 679583
117269 48412 807751
557788 216048 12661
870901 315617 149778
276983 288313 90241
426146 116130 1237
737504 146570 753739
498888 494322 367770
228740 378118 729628
410968 105462 540520
151394 101395 542387
60654 936526 559252
569749 960294 362304
829775 179074 647380
664612 302384 552860
365030 839251 226592
254184 743505 891733
627136 735990 923498
384882 975552 775903
465822 711669 847350
634280 338632 292403
240299 774657 905477
833287 868357 415747
477365 103554 59278
793602 702423 111927
581792 934236 203425
616014 561373 757056
767044 234701 374702
298243 184399 79274
413082 568167 944555
559726 497380 713735
525910 140103 744290
18805 191913 963967
105751 352538 985371
642346 48787 588398
472376 192914 840907
964928 431367 742819
551369 644958 91499
108369 733164 129968
849123 723387 988644
599109 438475 28421
620054 947487 577411
257458 777885 167310
963805 642127 786878
880978 952369 861178
37584 116708 838210
701560 216620 737376
52021 842374 96459
585382 428200 271314
810868 154282 424729
36412 964426 548406
681246 116995 231991
852276 684633 976366
