71 12
140398 817291 798062
639541 707344 576290
277650 865971 785334
246817 531602 370769
93635 991702 651675
695756 192073 361668
195056 269281 129379
187844 563891 131245
630745 496095 252569
643255 256018 884864
987664 552114 104240
608337 972107 517556
792035 265598 452053
169577 554553 689174
504095 256975 151118
257591 883783 486422
627088 125916 133448
15331 681669 954775
27392 246489 649981
615386 278345 779
378902 38912 152989
21674 529884 574972
149509 753059 627305
659049 103627 932906
934603 221508 201237
727102 258161 292679
847031 730957 157766
87795 453510 465618
316047 890849 475333
887048 705714 982081
330561 950221 304350
914443 393406 526807
389889 392741 849645
437381 489547 571859
350316 71241 470148
256348 342117 289318
672948 929824 468459
596109 331313 652760
287601 205101 883089
634636 979717 854226
75127 82318 912790
504630 428256 398470
210229 746742 907535
575615 85773 540715
146352 741304 936758
18228 804949 807730
841706 824505 553982
849404 832733 834077
425949 358026 607829
40801 214986 381684
974668 989538 396728
821547 846605 269694
320020 567582 77422
85798 577991 734173
263227 107848 223562
238743 492567 719530
676472 897775 951197
924840 530981 64709
963049 699115 198778
593310 993835 576394
921196 585629 796239
812227 436486 556406
508320 142440 850195
706430 422887 196016
619556 114344 941118
531904 354050 847065
667493 639719 973386
169327 572312 509894
283542 693367 413079
705203 602028 736610
620847 666091 900580
