59 41
397916 797662 507248
942391 662617 171321
459536 208712 790302
608086 929295 285558
331851 995175 19605
749373 819505 325080
154190 291702 463896
100710 900161 18423
219989 915752 968921
186482 832847 807573
943973 725106 950035
861225 254261 848199
97863 513652 939693
949009 528174 699990
491899 223083 482603
486495 511224 293262
296339 894855 754191
685838 37600 439461
608781 283170 377145
629517 171543 578182
282543 532456 107036
185892 229780 335780
926418 334042 650594
495015 579543 31939
775217 744448 787206
53602 56223 369626
81842 315594 456025
438885 996082 445047
502988 19448 34091
459019 680268 726717
22618 498582 873760
176707 791 347262
769684 789121 637124
230861 735125 809365
822117 292901 261307
115651 827937 709844
833796 952635 576561
436890 508736 626250
270101 969310 473866
797157 70343 578306
773650 191137 317297
699850 850319 870127
84981 600067 1653
817384 827094 919522
551975 129791 66250
696118 513771 625596
585404 352030 278199
752081 87376 488164
573389 247296 997728
536294 524045 851765
978528 82425 794089
546392 239211 927834
310123 852517 757474
137275 293344 363437
414540 997706 934282
213275 322578 238050
289930 534664 895832
595955 698506 476243
618787 881934 608561
