95 88
48571 0 108976
431624 287270 130143
870192 524699 240830
352588 143774 341501
616728 69671 625141
489105 604846 653931
103235 494479 787033
808992 905266 313014
976545 921109 797543
676109 244503 298340
763347 173298 995757
222597 442490 646499
308196 224244 718980
887968 589078 257162
177495 361913 124354
843808 436679 155847
823154 403649 730696
379190 325902 93775
738837 612229 219301
111751 59495 95001
564504 129523 408606
75551 244230 385519
675917 834433 28501
661283 62896 78180
126493 982697 73363
179499 572030 65415
427704 441113 667070
574446 668676 664275
962958 121107 251595
509421 48672 206097
188422 453391 178546
767394 808766 516615
844112 407026 321503
919180 292895 520965
980690 859486 276991
887040 670205 972100
55322 339457 132503
219850 37193 277394
559201 726300 538431
629611 32134 133921
579829 900147 502159
247572 68435 169322
739545 931834 743791
171171 202227 933965
429595 786396 568897
298680 633712 511197
696201 480502 127278
348641 141782 153209
335273 769175 935959
343172 441631 3412
94753 578588 825930
792649 3522 621101
778370 587760 542295
247255 247275 233088
853920 947488 816630
333929 646566 822240
652986 442986 434487
239580 438563 505711
933925 332210 172725
19049 790117 180522
700405 411128 620687
383196 472320 165514
673671 259542 786011
730564 40288 567509
754807 231554 444860
53860 680665 57146
795596 356737 110803
805234 181508 822895
192146 708469 546392
584178 502984 606649
818031 184646 501753
182139 833620 648136
307289 937440 578728
872538 194279 882440
753188 631997 975753
985463 753140 748854
562508 146855 374384
81059 634621 27684
943766 834887 262307
374165 4935 363202
921684 42173 37546
564766 123472 837231
470442 944361 732260
689320 21380 556214
459007 340139 642330
673910 753885 503446
544420 453065 810076
210653 951555 102128
495333 184783 3592
569349 676444 447478
592002 104336 969048
228453 540798 391278
98749 460254 920076
658495 784244 827450
119716 170506 627627
