67 56
656652 724784 792522
489897 189296 818946
964146 532015 567961
454405 397795 291614
144098 895069 390713
214845 638440 216281
488049 862664 548910
306443 148486 777500
457455 8693 444346
65908 811861 116742
168419 331950 375513
96534 346548 997219
297739 191040 504794
219618 818736 383770
310182 33346 389731
447259 466487 194862
46758 262205 737662
147631 543586 528162
395337 531271 466796
222677 665311 726682
15456 304851 864051
544510 854428 600624
545868 728104 544565
859079 253107 504814
751094 855127 105949
300264 594196 307942
680138 718256 349113
153816 359730 713395
431268 433090 408434
781692 728869 474783
738856 511363 974885
587900 361901 351606
339823 899893 451618
40061 637760 824527
270065 623793 740891
475582 857235 439740
109962 237769 527906
824764 251484 872999
808561 915689 23628
657191 559407 451687
216038 195191 802420
370943 442943 627816
388656 283846 214797
452056 384509 930804
561925 520832 524715
953038 707606 863193
871099 531935 412659
227642 766688 340888
601497 617368 528310
491690 220688 657407
160193 819250 373070
255779 311313 396941
921247 983696 325253
959410 860429 593331
406205 44830 731283
599891 940942 299477
440091 875346 127485
807868 303968 490118
142470 207948 471486
760814 705665 284031
256783 855335 695892
51309 564577 738668
796688 59134 386233
214349 473431 287982
350493 658839 819976
949132 398692 528346
390529 790450 72446
