49 9
612172 294415 443113
778727 878643 918749
331239 904232 271991
931998 521720 962359
883433 330812 485699
970123 943081 868428
366366 762890 611142
139232 281964 579471
537339 104310 465369
836735 232150 413265
472168 391789 872332
932362 89048 221551
434668 797777 177910
27084 608632 882342
260775 897240 557312
496932 297201 510718
633389 700375 548513
274030 125038 224779
249802 568427 488545
739092 182200 853469
800666 444073 114847
152386 842211 901145
306848 621154 336837
524973 265080 230230
684339 44160 900131
658744 80466 431861
494882 481514 33032
800204 647092 113412
391748 906638 673136
204203 773508 455022
994141 63277 172322
800251 902214 713403
657498 805900 728369
19265 76803 46321
300669 570810 613766
941322 999532 546502
767653 765637 958429
217953 604962 658555
286687 319428 180230
693700 395393 930969
843659 288801 360087
128263 100603 882996
923427 353736 922861
842891 716067 878454
229933 478575 93598
583281 920438 27126
366300 13707 861944
949773 649019 532100
532243 966466 927446
