27 3
519689 901018 239118
855985 689004 5267
302252 508417 730121
611976 556936 423304
334249 810393 302008
624350 183129 9603
400171 797787 338575
628534 562136 121899
17395 857372 346968
173680 381531 77092
485324 75567 867715
865093 514947 568218
788978 786817 188147
696544 118595 895718
23338 213319 995811
299754 834533 978369
914744 102027 489038
593553 875924 414032
967590 193767 728349
254740 433829 835565
438928 602777 559528
399677 562294 877779
835251 454132 95715
843435 329587 516261
635961 521500 833104
922940 211119 25795
969004 676028 495516
