51 9
796957 544694 638604
705801 622419 985242
959681 116765 476096
809534 221129 269299
775682 365351 498105
260047 778469 125968
58064 212559 117935
333239 951809 670848
887172 548205 930850
816806 820310 473133
85179 964961 459875
790638 924392 364821
209981 454855 667543
162069 996781 876190
200867 774485 691773
538127 553644 826837
130178 18408 178164
607389 515629 874130
65693 593310 242882
183907 347931 347661
684019 357748 963699
633694 493403 171729
572357 575684 896881
103059 151046 720865
703643 942183 343580
12791 34460 754635
238120 856700 252554
373880 775595 822387
305529 363416 336859
821797 123349 450662
37310 776001 134695
529529 527228 409226
933038 104199 466688
782390 435946 616424
682089 209126 304637
436338 51907 256218
901916 823064 929631
849189 709465 815399
788600 397946 734683
670222 517541 208451
26295 682268 367839
62 432539 730168
965718 86084 203349
659422 669833 417450
102368 33827 932214
548599 42357 158873
422389 985400 171765
562112 994282 591804
925260 976016 867827
933194 118772 179026
139087 757592 677256
