93 53
583535 719893 625612
663157 554098 735221
393269 923014 36158
829908 412241 48298
704027 29160 861387
852208 244999 58880
380260 680035 685206
241245 883308 844075
233122 650194 543119
522081 626335 666168
335564 69261 209149
234594 5020 126684
416953 367011 17272
956756 660351 760529
616107 990859 570021
116148 973388 277030
66319 422661 107057
407388 70956 194427
892887 981883 848782
665159 346625 957121
318232 591049 587387
613407 37394 34457
886715 600459 687008
968417 973836 962714
166137 219418 606397
939261 346170 850329
149921 3828 994566
680242 362220 212589
397038 256611 560910
173553 119296 453636
317167 881468 686908
771233 652800 728842
467462 208670 697582
47414 158567 329039
823890 97438 636837
951707 698349 358699
202852 606542 753444
587837 761320 998856
534858 126597 54284
442100 328391 218345
196948 169793 328398
856306 839636 651620
6264 170939 46519
122725 584987 470226
799443 799120 83958
192075 761196 271589
729199 356791 316224
422124 630059 337321
64589 400208 280669
265176 881269 736762
559460 844580 732685
823061 297869 520298
618681 127767 302429
550352 611721 510988
260715 973104 489685
460625 749258 30068
518550 957596 276595
344006 550546 790320
793410 107279 359675
133869 22573 695026
33852 497361 235689
48595 214169 681522
159837 309248 324939
62684 405297 137801
329049 382008 294167
579816 510653 598592
360398 117553 91659
504546 718431 258320
483419 569604 336086
514520 88956 631277
77850 636419 683278
376962 228398 331572
482510 788258 911399
991440 285922 921314
632852 934512 565277
653425 319463 89141
252605 583916 779297
168162 546193 85254
357861 171322 193615
94366 519824 803695
894393 872661 664497
792389 776346 961630
605956 65516 65532
745038 67731 711894
873127 138576 602266
617075 290313 865005
420281 253688 550340
252883 306159 17788
559643 152327 610507
88984 463125 939020
469819 517621 866389
388402 407160 37008
942911 5093 809216
