86
3 46
18 221
30 361
13 237
12 238
14 48
24 387
22 380
2 7
13 188
20 141
2 14
29 292
11 37
12 128
15 151
10 82
13 134
1 16
3 44
11 212
3 40
7 25
20 307
8 2
29 466
22 222
13 197
23 284
6 49
5 81
26 217
15 23
21 196
22 222
19 312
20 366
21 220
12 42
3 21
17 262
28 535
11 87
11 14
13 191
29 263
1 23
6 37
14 19
16 297
9 64
1 18
26 62
26 497
8 112
14 60
14 8
17 190
27 307
13 256
19 291
8 32
8 76
5 97
26 262
2 23
2 21
24 365
29 212
29 438
25 382
18 164
18 260
5 75
16 202
15 185
6 16
4 50
4 56
17 307
19 22
15 218
29 473
15 114
14 103
2 10
