51 13
981555 225632 576807
732995 161563 142911
498847 48882 147951
840779 296948 685160
785533 956702 239632
483723 350286 792776
545848 718400 680102
96477 164698 444529
588465 946785 105336
317185 807327 536362
866629 468374 251458
92201 160658 610776
726241 502447 256291
152614 83779 534134
529196 324521 924073
953412 227607 799658
771299 72254 351019
195111 308873 840316
138699 278016 184446
131237 8196 172472
784822 846068 655290
92636 379343 812468
93254 863804 913844
279958 327608 841383
579410 873821 914438
54740 798996 922450
123841 338125 308625
806963 610885 636821
142763 456967 902807
419604 222259 225287
57648 331649 504786
536052 314270 318294
252567 507300 927203
267580 272635 213400
815108 566580 214181
703695 897081 151344
512769 25393 112757
562614 922457 792152
910428 819399 507693
911719 201341 91895
115779 477870 941035
74216 691104 115150
378693 734452 498203
315086 262577 476716
948072 625661 378312
475139 461332 399154
133076 13839 313681
528691 691255 691096
733695 659603 253706
998135 822576 52770
83196 485312 355367
