92 90
435027 276223 501945
768841 107540 947589
507844 329829 269807
431025 961348 318384
517187 974911 105322
624558 167309 852684
78161 420268 912202
422193 55875 976024
71366 373836 247050
452017 738740 156438
38391 95298 114090
409221 947797 899792
40953 712810 347179
933287 28232 482647
110370 697947 869030
446172 993665 803154
595551 924140 827532
997071 299845 898665
610506 43761 945950
187550 914747 354371
838270 667548 883690
210951 617497 942700
732665 935343 278041
865248 925503 41149
658149 551105 459107
536134 653268 979168
88416 715546 662368
292654 873131 394620
931242 954297 900168
348864 908101 327612
7750 500727 690327
678318 885788 998992
964836 610599 931633
519726 458646 574119
59917 468071 340955
750468 11243 343804
643497 103424 854411
500862 311557 995773
228867 630265 773053
89271 844727 381094
892672 481166 395844
848012 888008 584279
604915 368432 302728
452164 545997 197592
953601 510125 750536
424448 565280 569561
831731 846365 526378
860597 538730 770688
226895 208871 495986
104105 949017 201431
387973 176566 695290
982818 225696 487466
714389 973781 236403
364827 882649 736069
686708 685875 489962
28567 34729 649021
729466 983261 155877
391000 502686 625848
770545 350124 485921
468287 970287 646446
140247 279582 516833
616208 609028 622647
384341 10324 716032
809322 79960 595756
982429 44310 129971
424662 493704 614698
488336 868013 186742
313142 629699 270475
72503 804308 632146
623806 610292 806918
892094 525483 756566
674145 835372 17474
446935 186296 637533
693089 289085 801784
695805 997597 985135
244289 984915 38255
236002 817665 945057
143185 820860 972146
25814 909587 825569
868426 860148 768342
641105 14185 934988
435872 714312 323910
590753 275411 167755
151154 420575 793948
722173 955388 299053
894678 935694 531104
10670 655613 516777
320170 952045 126259
247954 660309 664276
752130 796194 610209
805519 389176 341298
21785 786129 697036
