74 27
101536 83193 413185
426913 491126 172051
996298 689839 898951
359120 333747 672386
704667 415329 249901
944991 44399 114999
90839 920798 535087
312685 893983 379297
919130 798791 75004
529515 604729 506432
211409 708893 292597
592988 698574 833742
53761 878158 794904
227834 882619 711241
768863 462752 150339
973548 57809 271591
980135 349358 547812
542046 426954 752685
159689 16734 976314
825812 944002 422975
925862 552339 565380
987883 931820 390599
978387 898593 808200
195315 347530 791009
527399 374457 514975
221952 746479 112099
649266 765170 370700
244132 870318 369172
202541 196976 541094
328562 922721 442672
790828 588482 239030
436648 567552 135410
984360 498224 634443
789101 148459 69896
437701 253989 871529
797088 436886 958138
962772 204266 424387
855368 395451 180650
825090 287570 750392
29675 814718 281757
704367 432788 558737
637860 403964 470836
801240 316568 92845
174065 50907 439701
854915 158983 119467
256551 793414 125422
621459 927981 744546
228929 793318 355880
699266 3787 330941
181362 312221 826128
587418 181488 108746
383030 136220 956241
120457 999427 49710
727882 482782 770259
193515 454908 709376
112939 596695 19897
992419 301618 915872
317450 243992 670503
784646 13511 747329
618896 654743 947749
179721 607677 676473
621392 482279 470200
562724 350693 594248
564570 496739 390019
192293 202522 892842
743428 743048 668041
314152 255437 421299
942996 273173 640555
244864 931294 500283
171094 547688 834357
375036 651371 787461
825441 223797 778943
892828 35436 498911
412317 349583 206754
