64 41
186798 473754 686267
985926 452630 474913
966091 988097 4793
904955 936108 221372
563042 840514 195929
213696 147994 990777
806558 810441 231980
519343 612575 830126
623825 749029 804098
289774 869406 386965
579907 491299 359016
255562 817771 329446
516138 927191 338180
40725 196007 28664
590994 757522 283970
231120 983538 128314
923241 521998 826269
611151 395072 161460
56809 584990 531104
640007 255531 231958
775381 814038 881848
902358 353178 315887
759296 186042 189757
358994 204221 262359
704165 562398 683861
179968 977448 424141
919907 191906 92699
109308 467786 786025
750337 834879 980598
403835 798154 785174
285130 610694 156601
306375 873208 436719
265747 633927 993142
791280 499622 399011
967625 217519 526451
20913 819898 818063
913474 907900 512040
680264 914071 542460
996022 472080 858305
731626 466830 810877
43854 575047 547354
871532 315111 308425
616291 457827 49251
513527 554954 544601
774679 63118 402215
48059 67159 680670
575138 554363 916824
987197 68503 692190
358439 499580 654974
176278 957974 109669
87173 546377 833829
186615 819685 488423
382681 201353 32449
793398 202118 522113
419313 100611 640562
530813 509753 448644
547271 401856 695416
602020 885497 240936
20327 755806 100816
194610 620775 305117
694268 685274 477484
820225 946263 332281
79749 835539 402352
317994 628718 611026
