69 11
638125 221786 319211
837550 585904 54765
978471 757904 197085
360140 800026 130232
746381 826142 782371
454596 542378 445347
310732 961578 758401
696784 860869 339535
266382 834449 973539
76913 693289 464692
435195 21394 212452
582468 758409 482873
75194 917408 613034
35028 810506 932617
110283 30215 177997
597491 509515 312124
207242 924861 359317
368233 674000 527108
308889 608995 725046
618679 755499 249359
604507 348073 404775
641271 640176 454615
438912 489747 577453
853250 345903 344756
32391 376417 303919
315865 175994 704955
200900 364656 451918
817431 532823 217577
534543 49194 924139
635215 483223 443649
106961 777865 700103
268669 972338 247981
585583 199703 578823
34840 785773 373396
606366 361803 652134
85482 251747 761164
656866 198152 684175
567371 27616 6435
482906 97042 454229
986098 730579 387520
750155 367578 849780
84278 903720 695397
670636 713557 193132
835808 945594 332723
770450 890170 850409
43425 210846 608077
539806 303336 876821
35148 382725 628107
537882 876568 23909
217643 104319 665826
370144 548781 859729
85521 514271 334671
134765 607917 134384
735227 703147 833479
551147 838798 745162
622968 951001 79307
896249 604775 10958
57732 551670 632753
553377 165848 665650
254820 624792 162150
533119 177072 289494
283274 702729 988518
599233 716036 38580
644201 657376 275043
539749 325914 33673
527786 150510 72278
287752 758380 903688
832171 904346 198375
237172 347460 142841
