24 18
984891 865189 487449
430407 963085 777190
640116 126467 119041
954232 888032 182804
978382 877533 271198
152611 556932 322644
550979 350374 93862
989462 871632 614666
72902 694588 899395
91567 616032 962645
255937 404845 804862
391856 460725 264647
704949 246970 320021
53864 129998 671957
707889 972499 2517
445232 270503 791957
429580 428510 324867
71403 217492 263405
345665 280278 922255
852491 819881 196499
464586 364832 948255
202177 378111 598653
123030 969958 620633
62136 817631 955043
