50 26
569154 220449 944109
125161 518448 67509
205292 102212 569081
136637 130413 191140
76922 267034 74932
401778 839226 234231
807984 268868 465764
188922 861616 664965
134797 543912 589063
462340 942910 4789
783511 509215 971477
997176 361027 654258
896099 289375 259202
621058 51864 778348
939502 278050 372595
471498 304337 10300
895777 402361 888014
261526 36039 469072
934732 633021 855644
49751 551042 593331
277975 329541 192377
8091 889980 719516
838978 550248 613934
18017 144731 989288
158791 616535 167497
908132 154628 722647
709254 392769 658148
172857 184292 820450
500429 509750 334478
292081 318190 331191
786645 153620 19291
362638 624302 874081
40422 39603 829580
79453 265874 776249
634594 570549 69398
438149 580827 844996
954134 120865 169618
491704 126426 106653
955653 29260 15133
999120 443801 384628
353787 443937 257224
558963 270179 755967
639250 629956 45005
526792 647983 587066
326382 612752 319216
137763 960209 53224
41550 781681 114404
258296 322430 193957
16833 663150 625609
716925 155047 354884
