41 36
331284 684097 353314
187033 10355 86849
5601 732287 835088
935387 556835 923560
800740 465889 249635
362929 594538 24402
24984 793516 460143
593324 622799 372633
793662 562768 336467
242316 22965 919504
358306 784532 585016
8893 448271 573012
250959 231699 63057
839789 586785 306924
464126 945070 151760
252075 139136 199699
246959 44029 636506
626119 366467 834907
679445 884635 153296
959364 113657 518333
941804 238522 393790
647378 840100 986487
66559 518912 414388
84541 801152 992968
273746 876059 847431
490896 869875 232665
11416 771451 873505
278833 229748 611893
527291 254132 827113
687582 567533 444487
5281 17285 164139
184656 753093 406071
71242 810477 36822
449424 624200 682207
171232 94674 773455
477698 708951 191899
801601 426033 678684
872926 156349 6757
691855 884651 759111
77801 582374 388522
927117 496190 511193
