44 39
644584 271113 19056
192235 393603 230815
752833 323513 476077
855468 487515 601354
660301 515762 68148
926209 878057 495460
49879 170202 198437
137478 641583 574120
900105 687452 578596
560954 822236 872364
522870 858170 132424
366889 638308 287469
997581 834050 406064
188659 441738 754896
27045 174778 90284
608076 59546 156594
81446 807628 279477
498540 214295 898091
351747 577384 252417
407608 725684 58676
195590 173153 1212
949192 412820 584875
896567 596227 95839
620348 112591 746490
150705 870032 547351
653144 846601 563096
438327 645750 243182
515814 290243 757163
134021 306747 13843
47326 151248 984029
141745 934473 812544
390368 200522 401617
450437 465277 643185
454489 44874 766928
266151 770688 581161
686831 391781 169029
716010 936848 885530
597198 216566 330612
848120 521265 987014
400956 375693 973191
864313 879433 573240
930721 646019 139849
388073 319717 332870
567416 2897 504595
