43 41
177312 109133 296125
469910 66072 334641
417997 7640 826691
598706 793684 502382
358138 285198 314360
175875 75654 140502
335981 596054 118687
263416 897204 697724
729094 894213 786818
555990 998240 469301
678521 400188 614175
643965 847047 853301
775109 444472 819271
542900 874021 837346
77798 802961 547078
262303 276048 415600
817492 451459 606485
338557 2499 720826
726218 414013 781630
279232 305376 949707
398883 847046 63506
720013 212349 797342
505427 726376 756775
700349 976232 58267
453503 948058 403313
215916 805055 903989
815185 711672 481625
503853 599108 568099
608650 988494 405990
182340 410265 155979
503952 115586 795904
661297 338026 966497
319894 164431 555403
332336 52623 412235
428999 928126 782972
756149 451454 848936
80978 812650 943853
37286 778604 417732
788785 420255 800765
306854 596625 478728
904147 658168 629632
861164 118207 984480
357338 638348 965771
