87 23
414204 533012 817376
121134 952365 211521
984750 353577 639618
145692 228942 243593
320400 981948 671899
177463 453546 149611
299396 933554 77583
35101 562681 913817
588329 991046 569074
862481 476773 405941
616226 402988 212497
236714 189623 465578
67862 223204 932274
151477 958341 63254
431177 777836 381327
362069 36861 778593
55732 283157 473189
640789 170847 481941
655268 974806 612819
238278 203731 674013
715651 137121 433083
704998 885684 702468
839669 869447 798631
462783 156511 287785
427254 897808 348092
110427 463284 388764
944335 482926 411268
381457 582857 162165
206511 802134 204914
349261 411250 926875
176091 691261 875142
581842 360839 254741
981942 991185 782412
157273 501216 636641
417549 756199 786952
485386 768079 843169
232776 836882 127886
336347 408209 361118
854329 696059 736581
349104 740532 836142
359510 491108 8398
156233 442994 599647
410731 174553 547300
933998 831259 356072
519530 519668 361804
212557 5278 71759
15270 572367 749196
11416 931031 328664
751865 994341 118764
421758 305391 281643
492253 439264 39026
344 732601 837901
424328 389322 750010
342638 278113 4385
43458 172635 522082
622184 357939 886341
557704 773732 587354
180934 713404 628743
820602 609494 651465
303576 705104 668858
144367 412282 212000
643754 828329 114454
237187 100616 480353
983683 572987 273900
938842 455669 230167
277444 150184 337004
531846 622471 911874
792628 751315 530698
134508 480153 120208
633327 506984 865774
185302 344070 672024
666771 144250 920861
79254 644329 905359
103025 750414 369266
150113 584401 908656
950165 425815 145246
612992 943012 496092
781212 630067 569026
626684 688288 27639
98126 258011 573944
834086 396477 838838
975895 564917 901455
201117 190417 431301
332699 400082 872167
379524 342406 506002
730198 583480 469970
103532 503943 24386
