73 49
191651 983309 491097
498663 162887 594054
170727 228587 19610
748862 384554 985564
175592 502136 926657
43203 105040 677228
170418 65497 415692
624998 929501 243487
89729 322646 65589
134085 111394 500243
55314 490655 685349
237916 435041 958834
717804 384383 658810
946020 726669 574560
240871 448934 407044
368983 111381 300322
50187 174199 266542
394431 546103 345103
950038 853469 823674
995770 124311 848067
979385 172597 838470
530781 134869 155331
876310 226706 245981
100239 308338 286195
992329 203120 418809
807324 432976 293346
54125 509017 593523
319450 94364 69883
683550 171725 224144
58212 810796 174359
166666 423045 352415
637179 130667 293784
572794 603270 408895
514684 813013 517096
863341 993559 746511
901373 758100 694374
570421 839351 646198
311855 816370 985840
509561 245807 890085
821017 195224 435499
833022 125169 300191
542828 543003 106197
821489 527707 380060
227089 211269 935542
46626 211776 871249
968606 103612 645903
359988 858325 887117
472626 648467 467885
619835 881719 618430
526715 823333 753234
980123 643032 50486
199882 18263 28880
864346 376107 374174
246875 274751 765017
992177 39717 414204
520162 469983 232999
603315 216588 517290
360806 664017 673701
78906 95946 335755
189445 390753 99532
561087 660778 783731
920529 7606 915695
48367 125343 982851
806040 538695 77914
13270 595633 468496
135149 915956 641486
777953 681685 958478
587596 435636 239292
393937 489181 20567
207328 115506 782871
161284 234118 724536
130997 127299 641516
305039 925633 885508
