54 50
898252 9718 694966
284481 752404 51043
690422 714981 591108
556294 967259 668747
103390 346273 539280
340884 115772 382831
439317 607522 796931
177182 871721 773494
533765 592994 989656
219397 588333 52892
12004 128963 96188
739596 623617 170441
519188 383772 506001
225912 909472 788725
523784 256514 849042
792519 522853 664468
791042 118663 47490
52320 531826 987884
26345 527900 970258
250601 531922 395101
891622 572583 279609
568948 757271 198114
362232 605798 435292
40149 401375 158925
447497 218718 758681
691588 87920 780672
933321 605589 514527
910674 887585 573068
745389 297714 358812
604026 119344 108075
381563 220537 539515
937431 759789 814925
817046 686406 161026
156811 543988 679772
67917 613834 376622
303589 432105 969541
186609 720961 426220
478314 994494 35923
557412 425364 765628
898930 212105 315382
88673 698764 178876
602813 897336 826716
374014 114504 201977
195763 111485 469542
479778 551236 528173
32155 270001 788872
762550 820412 272674
134181 811605 40072
233738 475008 219883
83516 129723 410198
808377 383599 324780
723199 558927 277790
690077 322077 628455
575274 175611 723066
